0 : 0
4 : 1
20 : 2
83 : 3
395 : 4
1610 : 5
5045 : 6
12850 : 7
23082 : 8
0
43089

2,3,5,7

2, 3, ...
3, 2, ...
2, 5, ...
2, 7, ...
3, 5, ...
3, 7, ...
5, 7, ...

2,3,5,7
13,

2, 13, 47, .., .., ...

(1, 1, 7)
(1, 2, 2, 2, 2)
(1, 4, 4)
(9,)
(1, 1, 1, 1, 1, 2, 2)
(2, 2, 5)
(1, 1, 1, 2, 2, 2)
(1, 1, 1, 1, 5)
(1, 3, 5)
(1, 1, 1, 2, 4)
(1, 2, 2, 4)
(1, 1, 1, 1, 1, 1, 1, 1, 1)
(1, 1, 1, 1, 2, 3)
(1, 2, 3, 3)
(3, 6)
(1, 1, 1, 3, 3)
(3, 3, 3)
(4, 5)
(1, 1, 1, 1, 1, 1, 3)
(1, 1, 2, 2, 3)
(1, 1, 1, 6)
(2, 7)
(1, 2, 6)
(1, 1, 2, 5)
(1, 1, 3, 4)
(1, 1, 1, 1, 1, 1, 1, 2)
(1, 8)
(1, 1, 1, 1, 1, 4)
(2, 3, 4)
(2, 2, 2, 3)

